100101
110101
000000
100100
010000
111100
101111
010100
100010
100111
011001
010010
111101
010011
000110
100011
011110
110110
111111
011101
000110
001001
011110
011010
011010
001000
111101
011001
111001
111110
010110
011011
000100
101011
000011
111100
011100
111011
110000
100011
001001
000000
011100
010100
111100
000111
110110
011000
111100
100101
001010
011111
100011
111111
011000
000100
011111
000000
011111
101110
010100
100010
101010
110100
000111
111101
101100
001111
000001
000010
110011
000101
010101
001011
000011
011101
001111
010111
011011
111010
110100
001111
100000
011111
101010
100001
011011
111010
111010
000100
011011
110010
101111
101101
100010
011000
101011
111010
110101
100010
100010
100101
010110
101110
010000
010101
001001
101011
111001
000101
000110
001011
001100
100011
110011
001110
100000
110111
111001
000011
100011
000100
101011
010111
000110
010110
100110
000100
111010
000111
001100
000100
010110
010000
000101
101101
101101
001100
001001
000100
000001
110011
111001
101011
110000
001111
011101
000001
001001
001111
100110
001001
110011
110000
110011
111101
010001
011011
001011
101101
001110
010111
110000
100110
000100
101101
101110
100001
101010
101101
101101
001000
000001
111111
010011
010000
000110
011010
011001
111110
111111
000000
000110
010000
010010
001110
000111
001000
110111
011111
001001
011010
000000
101001
110011
111000
011011
000011
111001
011000
010110
111010
100001
110000
001110
010000
100000
011010
101011
001101
100011
100100
110101
010101
101001
101010
110110
101011
000000
101001
010010
111001
000010
010001
110000
100000
011001
001111
101010
000100
100110
101011
001100
001010
010010
101111
000010
100001
110111
100101
001111
101000
011000
111000
011000
000110
011000
110000
001100
101010
011000
001100
100000
011000
100111
111001
010001
101111
100110
110001
100001
110110
100111
100001
110100
101101
101000
011000
001111
000001
100110
110101
001100
001111
100011
101100
100110
101101
000111
111110
101010
011011
001000
010001
011101
111110
111101
011111
010000
111101
101101
110101
000001
010011
100100
111101
011110
100111
001100
110110
000100
000001
000110
100001
011110
000010
100111
110110
110110
100111
101011
011111
111101
100001
100100
000000
001110
110100
110000
100101
100001
110011
110011
100011
000100
110000
101011
010010
101100
101110
011110
010001
001001
111011
001100
011001
001011
011010
111111
111000
100001
111001
111101
001101
100111
000101
100011
001011
010011
111000
110010
001000
000010
100111
111011
111011
001010
100011
000011
100110
000111
011011
000010
111111
000000
010100
011101
010011
000100
101011
000111
111000
100100
000100
001011
101110
110001
110010
010010
001110
111010
101011
010001
000101
110110
100010
000101
010101
010010
000100
100111
000000
111001
011100
101001
100101
011000
110101
101111
000101
000001
100101
111110
001101
100111
111110
001000
100110
110010
110101
101000
001000
111110
101000
011001
010110
001110
000110
111110
110110
101100
001100
010000
100010
111011
100000
001001
110110
111100
000101
110100
011011
010101
100000
000100
110011
000010
001101
110110
111000
011111
111001
100001
010100
000110
000001
111000
010111
010001
011101
010000
110101
011011
011011
110111
000100
000001
011101
010010
010101
110101
001101
011001
011010
000011
011111
000100
011101
011000
111100
001011
100111
011101
010010
000101
100010
011000
011001
100010
010011
100101
011110
001111
101100
110111
101010
001010
111101
100000
100001
000010
000011
011101
000110
010000
100011
000100
000001
101110
001011
